#FIR coefficients for EISCAT 3D FSRU Delays
#
#April 20, 2017
#Computed using Equiripple Method
#
#Delay is in picoseconds
#Coefficients are signed, 18 bits, 3 integer bits.  Full scale = 32768.
#
#Delay Coef0 Coef1 Coef2 Coef3 Coef4 Coef5 Coef6 Coef7 Coef8 Coef9 
0 -811 2080 -5072 20976 20250 -7107 3959 -2178 1247 -577 
20 -811 2080 -5068 20893 20339 -7120 3964 -2180 1248 -578 
40 -811 2079 -5063 20810 20428 -7133 3969 -2182 1249 -578 
60 -811 2078 -5058 20727 20516 -7146 3974 -2184 1250 -579 
80 -811 2078 -5053 20644 20604 -7158 3978 -2187 1251 -579 
100 -810 2077 -5048 20561 20692 -7170 3983 -2188 1252 -579 
120 -810 2076 -5043 20477 20780 -7182 3987 -2190 1253 -580 
140 -810 2075 -5037 20393 20868 -7194 3991 -2192 1254 -580 
160 -810 2074 -5031 20310 20955 -7205 3995 -2194 1254 -580 
180 -810 2073 -5025 20226 21043 -7216 3999 -2195 1255 -581 
200 -810 2072 -5019 20142 21130 -7227 4003 -2197 1256 -581 
220 -809 2070 -5013 20058 21217 -7238 4006 -2198 1256 -581 
240 -809 2069 -5006 19973 21303 -7248 4010 -2200 1257 -581 
260 -809 2067 -4999 19889 21390 -7258 4013 -2201 1257 -581 
280 -808 2066 -4993 19805 21476 -7268 4016 -2202 1258 -581 
300 -808 2064 -4985 19720 21562 -7277 4019 -2203 1258 -582 
320 -807 2062 -4978 19635 21648 -7286 4021 -2204 1258 -582 
340 -807 2060 -4970 19550 21734 -7295 4024 -2205 1258 -582 
360 -806 2059 -4963 19466 21819 -7304 4026 -2206 1259 -582 
380 -806 2057 -4955 19380 21905 -7312 4028 -2206 1259 -582 
400 -805 2054 -4947 19295 21990 -7320 4030 -2207 1259 -582 
420 -805 2052 -4939 19210 22075 -7328 4032 -2207 1259 -582 
440 -804 2050 -4930 19125 22159 -7335 4034 -2208 1259 -582 
460 -803 2048 -4921 19039 22244 -7342 4035 -2208 1259 -582 
480 -803 2045 -4913 18954 22328 -7349 4037 -2208 1259 -582 
500 -802 2043 -4904 18868 22412 -7356 4038 -2208 1259 -581 
520 -801 2040 -4894 18782 22495 -7362 4039 -2208 1258 -581 
540 -800 2038 -4885 18696 22579 -7368 4040 -2208 1258 -581 
560 -799 2035 -4875 18611 22662 -7374 4041 -2208 1258 -581 
580 -798 2032 -4866 18525 22745 -7379 4041 -2208 1257 -581 
600 -798 2029 -4856 18438 22828 -7384 4041 -2208 1257 -580 
620 -797 2026 -4846 18352 22911 -7389 4042 -2207 1256 -580 
640 -796 2023 -4836 18266 22993 -7394 4042 -2207 1256 -580 
660 -795 2020 -4825 18180 23075 -7398 4041 -2206 1255 -579 
680 -794 2017 -4815 18093 23157 -7402 4041 -2205 1255 -579 
700 -793 2013 -4804 18007 23239 -7406 4041 -2205 1254 -579 
720 -791 2010 -4793 17920 23320 -7409 4040 -2204 1253 -578 
740 -790 2006 -4782 17833 23401 -7412 4039 -2203 1252 -578 
760 -789 2003 -4770 17747 23482 -7415 4038 -2202 1251 -577 
780 -788 1999 -4759 17660 23563 -7417 4037 -2200 1251 -577 
800 -787 1996 -4747 17573 23643 -7419 4036 -2199 1250 -576 
820 -785 1992 -4736 17486 23723 -7421 4034 -2198 1249 -576 
840 -784 1988 -4724 17399 23803 -7423 4032 -2196 1248 -575 
860 -783 1984 -4712 17312 23883 -7424 4031 -2195 1246 -575 
880 -781 1980 -4699 17225 23962 -7425 4029 -2193 1245 -574 
900 -780 1976 -4687 17138 24041 -7425 4026 -2192 1244 -574 
920 -779 1972 -4674 17050 24120 -7426 4024 -2190 1243 -573 
940 -777 1968 -4661 16963 24199 -7426 4021 -2188 1241 -572 
960 -776 1963 -4649 16876 24277 -7425 4019 -2186 1240 -572 
980 -774 1959 -4635 16788 24355 -7425 4016 -2184 1239 -571 
1000 -773 1955 -4622 16701 24433 -7424 4013 -2181 1237 -570 
1020 -771 1950 -4609 16613 24511 -7423 4010 -2179 1236 -569 
1040 -769 1945 -4595 16526 24588 -7421 4006 -2177 1234 -569 
1060 -768 1941 -4582 16438 24665 -7419 4003 -2174 1232 -568 
1080 -766 1936 -4568 16351 24742 -7417 3999 -2172 1231 -567 
1100 -764 1931 -4554 16263 24818 -7415 3995 -2169 1229 -566 
1120 -763 1926 -4540 16175 24894 -7412 3991 -2166 1227 -565 
1140 -761 1921 -4525 16087 24970 -7409 3987 -2164 1225 -564 
1160 -759 1916 -4511 16000 25046 -7405 3982 -2161 1223 -563 
1180 -757 1911 -4496 15912 25121 -7402 3978 -2158 1221 -562 
1200 -755 1906 -4481 15824 25196 -7398 3973 -2154 1219 -561 
1220 -754 1901 -4467 15736 25271 -7393 3968 -2151 1217 -560 
1240 -752 1895 -4452 15648 25345 -7388 3963 -2148 1215 -559 
1260 -750 1890 -4436 15560 25419 -7383 3958 -2145 1213 -558 
1280 -748 1885 -4421 15472 25493 -7378 3952 -2141 1211 -557 
1300 -746 1879 -4406 15384 25567 -7373 3947 -2138 1209 -556 
1320 -744 1873 -4390 15296 25640 -7367 3941 -2134 1206 -555 
1340 -742 1868 -4374 15208 25713 -7360 3935 -2130 1204 -554 
1360 -740 1862 -4358 15120 25786 -7354 3929 -2126 1201 -553 
1380 -738 1856 -4342 15032 25858 -7347 3923 -2122 1199 -552 
1400 -735 1850 -4326 14944 25930 -7340 3916 -2118 1197 -550 
1420 -733 1844 -4310 14856 26002 -7332 3909 -2114 1194 -549 
1440 -731 1838 -4293 14768 26074 -7324 3903 -2110 1191 -548 
1460 -729 1832 -4277 14680 26145 -7316 3896 -2106 1189 -547 
1480 -727 1826 -4260 14592 26216 -7307 3889 -2101 1186 -545 
1500 -724 1820 -4243 14504 26286 -7298 3881 -2097 1183 -544 
1520 -722 1814 -4226 14416 26357 -7289 3874 -2092 1180 -543 
1540 -720 1807 -4209 14328 26427 -7280 3866 -2088 1177 -541 
1560 -717 1801 -4192 14240 26496 -7270 3858 -2083 1175 -540 
1580 -715 1794 -4175 14152 26566 -7260 3850 -2078 1172 -538 
1600 -713 1788 -4157 14064 26635 -7249 3842 -2073 1169 -537 
1620 -710 1781 -4140 13976 26703 -7238 3834 -2068 1165 -535 
1640 -708 1775 -4122 13888 26772 -7227 3825 -2063 1162 -534 
1660 -705 1768 -4104 13799 26840 -7216 3817 -2058 1159 -532 
1680 -703 1761 -4086 13711 26908 -7204 3808 -2052 1156 -531 
1700 -700 1754 -4068 13623 26975 -7192 3799 -2047 1153 -529 
1720 -698 1747 -4050 13535 27042 -7179 3790 -2041 1149 -528 
1740 -695 1740 -4031 13448 27109 -7167 3780 -2036 1146 -526 
1760 -692 1733 -4013 13360 27175 -7154 3771 -2030 1143 -525 
1780 -690 1726 -3994 13272 27241 -7140 3761 -2024 1139 -523 
1800 -687 1719 -3976 13184 27307 -7126 3751 -2019 1136 -521 
1820 -684 1712 -3957 13096 27373 -7112 3741 -2013 1132 -520 
1840 -682 1705 -3938 13008 27438 -7098 3731 -2007 1128 -518 
1860 -679 1697 -3919 12920 27502 -7083 3721 -2001 1125 -516 
1880 -676 1690 -3900 12832 27567 -7068 3710 -1994 1121 -514 
1900 -673 1683 -3880 12745 27631 -7052 3699 -1988 1117 -513 
1920 -670 1675 -3861 12657 27695 -7037 3688 -1982 1114 -511 
1940 -668 1668 -3842 12569 27758 -7021 3677 -1975 1110 -509 
1960 -665 1660 -3822 12482 27821 -7004 3666 -1969 1106 -507 
1980 -662 1652 -3802 12394 27884 -6987 3655 -1962 1102 -505 
2000 -659 1645 -3783 12307 27946 -6970 3643 -1955 1098 -503 
2020 -656 1637 -3763 12219 28008 -6953 3632 -1949 1094 -502 
2040 -653 1629 -3743 12132 28070 -6935 3620 -1942 1090 -500 
2060 -650 1621 -3723 12044 28131 -6917 3608 -1935 1086 -498 
2080 -647 1613 -3702 11957 28192 -6898 3595 -1928 1081 -496 
2100 -644 1605 -3682 11870 28253 -6880 3583 -1921 1077 -494 
2120 -641 1597 -3662 11782 28313 -6861 3571 -1913 1073 -492 
2140 -638 1589 -3641 11695 28373 -6841 3558 -1906 1069 -490 
2160 -635 1581 -3621 11608 28433 -6821 3545 -1899 1064 -488 
2180 -631 1573 -3600 11521 28492 -6801 3532 -1891 1060 -486 
2200 -628 1564 -3579 11434 28551 -6781 3519 -1884 1055 -483 
2220 -625 1556 -3558 11347 28609 -6760 3505 -1876 1051 -481 
2240 -622 1548 -3537 11260 28667 -6739 3492 -1868 1046 -479 
2260 -619 1539 -3516 11173 28725 -6717 3478 -1860 1042 -477 
2280 -615 1531 -3495 11087 28783 -6695 3464 -1853 1037 -475 
2300 -612 1522 -3474 11000 28840 -6673 3450 -1845 1032 -473 
2320 -609 1514 -3453 10913 28896 -6651 3436 -1836 1028 -470 
2340 -606 1505 -3431 10827 28953 -6628 3422 -1828 1023 -468 
2360 -602 1496 -3410 10740 29008 -6605 3407 -1820 1018 -466 
2380 -599 1488 -3388 10654 29064 -6581 3393 -1812 1013 -464 
2400 -596 1479 -3366 10568 29119 -6557 3378 -1803 1008 -461 
2420 -592 1470 -3345 10481 29174 -6533 3363 -1795 1003 -459 
2440 -589 1461 -3323 10395 29229 -6509 3348 -1786 998 -457 
2460 -585 1452 -3301 10309 29283 -6484 3333 -1778 993 -454 
2480 -582 1443 -3279 10223 29336 -6459 3317 -1769 988 -452 
2500 -578 1434 -3257 10137 29390 -6433 3302 -1760 983 -450 
2520 -575 1425 -3235 10051 29443 -6407 3286 -1751 978 -447 
2540 -571 1416 -3212 9966 29495 -6381 3270 -1742 973 -445 
2560 -568 1407 -3190 9880 29547 -6354 3254 -1733 967 -442 
2580 -564 1398 -3168 9795 29599 -6327 3238 -1724 962 -440 
2600 -561 1389 -3145 9709 29650 -6300 3221 -1715 957 -437 
2620 -557 1380 -3123 9624 29701 -6273 3205 -1706 951 -435 
2640 -553 1370 -3100 9538 29752 -6245 3188 -1696 946 -432 
2660 -550 1361 -3078 9453 29802 -6216 3171 -1687 941 -430 
2680 -546 1352 -3055 9368 29852 -6188 3154 -1677 935 -427 
2700 -543 1342 -3032 9283 29902 -6159 3137 -1668 930 -425 
2720 -539 1333 -3009 9199 29951 -6130 3120 -1658 924 -422 
2740 -535 1323 -2986 9114 30000 -6100 3102 -1648 918 -419 
2760 -531 1314 -2963 9029 30048 -6070 3085 -1638 913 -417 
2780 -528 1304 -2940 8945 30096 -6040 3067 -1629 907 -414 
2800 -524 1294 -2917 8860 30143 -6009 3049 -1619 901 -411 
2820 -520 1285 -2894 8776 30190 -5978 3031 -1609 895 -409 
2840 -516 1275 -2871 8692 30237 -5947 3012 -1598 890 -406 
2860 -512 1265 -2847 8608 30283 -5915 2994 -1588 884 -403 
2880 -509 1256 -2824 8524 30329 -5883 2976 -1578 878 -401 
2900 -505 1246 -2800 8440 30375 -5851 2957 -1568 872 -398 
2920 -501 1236 -2777 8356 30420 -5818 2938 -1557 866 -395 
2940 -497 1226 -2753 8273 30465 -5785 2919 -1547 860 -392 
2960 -493 1216 -2730 8189 30509 -5752 2900 -1536 854 -390 
2980 -489 1206 -2706 8106 30553 -5718 2881 -1525 848 -387 
3000 -485 1196 -2683 8023 30597 -5684 2861 -1515 842 -384 
3020 -481 1186 -2659 7940 30640 -5650 2842 -1504 835 -381 
3040 -477 1176 -2635 7857 30682 -5615 2822 -1493 829 -378 
3060 -473 1166 -2611 7774 30725 -5580 2802 -1482 823 -375 
3080 -469 1156 -2587 7691 30767 -5545 2782 -1471 817 -372 
3100 -465 1146 -2563 7609 30808 -5509 2762 -1460 810 -369 
3120 -461 1136 -2539 7527 30849 -5473 2742 -1449 804 -366 
3140 -457 1126 -2515 7444 30890 -5437 2721 -1438 798 -363 
3160 -453 1115 -2491 7362 30930 -5400 2701 -1426 791 -361 
3180 -449 1105 -2467 7280 30970 -5363 2680 -1415 785 -358 
3200 -445 1095 -2443 7198 31009 -5325 2659 -1404 778 -355 
3220 -441 1084 -2419 7117 31048 -5288 2638 -1392 772 -352 
3240 -437 1074 -2395 7035 31087 -5250 2617 -1381 765 -348 
3260 -433 1064 -2370 6954 31125 -5211 2596 -1369 758 -345 
3280 -429 1053 -2346 6873 31163 -5173 2574 -1357 752 -342 
3300 -425 1043 -2322 6792 31200 -5133 2553 -1345 745 -339 
3320 -420 1032 -2297 6711 31237 -5094 2531 -1334 738 -336 
3340 -416 1022 -2273 6630 31274 -5054 2509 -1322 732 -333 
3360 -412 1011 -2248 6549 31310 -5014 2487 -1310 725 -330 
3380 -408 1001 -2224 6469 31346 -4974 2465 -1298 718 -327 
3400 -404 990 -2200 6388 31381 -4933 2443 -1286 711 -324 
3420 -399 980 -2175 6308 31416 -4892 2420 -1273 704 -321 
3440 -395 969 -2150 6228 31450 -4851 2398 -1261 698 -317 
3460 -391 958 -2126 6148 31484 -4809 2375 -1249 691 -314 
3480 -387 948 -2101 6069 31518 -4767 2353 -1237 684 -311 
3500 -382 937 -2077 5989 31551 -4725 2330 -1224 677 -308 
3520 -378 926 -2052 5910 31584 -4682 2307 -1212 670 -304 
3540 -374 916 -2027 5831 31616 -4639 2283 -1199 662 -301 
3560 -370 905 -2002 5752 31648 -4595 2260 -1187 655 -298 
3580 -365 894 -1978 5673 31679 -4552 2237 -1174 648 -295 
3600 -361 883 -1953 5594 31710 -4508 2213 -1161 641 -291 
3620 -357 873 -1928 5516 31741 -4463 2189 -1149 634 -288 
3640 -352 862 -1903 5438 31771 -4419 2166 -1136 627 -285 
3660 -348 851 -1879 5360 31801 -4374 2142 -1123 619 -281 
3680 -344 840 -1854 5282 31830 -4328 2118 -1110 612 -278 
3700 -339 829 -1829 5204 31859 -4283 2094 -1097 605 -275 
3720 -335 818 -1804 5126 31887 -4237 2069 -1084 598 -271 
3740 -330 807 -1779 5049 31915 -4190 2045 -1071 590 -268 
3760 -326 796 -1754 4972 31943 -4144 2020 -1058 583 -265 
3780 -322 785 -1729 4895 31970 -4097 1996 -1044 575 -261 
3800 -317 774 -1704 4818 31997 -4049 1971 -1031 568 -258 
3820 -313 764 -1680 4741 32023 -4002 1946 -1018 560 -254 
3840 -308 753 -1655 4665 32049 -3954 1921 -1004 553 -251 
3860 -304 742 -1630 4588 32074 -3905 1896 -991 545 -248 
3880 -299 730 -1605 4512 32099 -3857 1870 -977 538 -244 
3900 -295 719 -1580 4436 32124 -3808 1845 -964 530 -241 
3920 -291 708 -1555 4361 32148 -3759 1820 -950 523 -237 
3940 -286 697 -1530 4285 32171 -3709 1794 -936 515 -234 
3960 -282 686 -1505 4210 32195 -3659 1768 -923 507 -230 
3980 -277 675 -1480 4135 32217 -3609 1742 -909 500 -227 
4000 -273 664 -1455 4060 32240 -3559 1716 -895 492 -223 
4020 -268 653 -1430 3985 32262 -3508 1690 -881 484 -220 
4040 -264 642 -1405 3911 32283 -3457 1664 -867 477 -216 
4060 -259 631 -1380 3837 32304 -3405 1638 -853 469 -212 
4080 -255 620 -1355 3762 32325 -3353 1612 -839 461 -209 
4100 -250 608 -1330 3689 32345 -3301 1585 -825 453 -205 
4120 -246 597 -1305 3615 32365 -3249 1559 -811 445 -202 
4140 -241 586 -1280 3541 32384 -3196 1532 -797 437 -198 
4160 -236 575 -1255 3468 32403 -3143 1505 -783 430 -195 
4180 -232 564 -1230 3395 32421 -3090 1478 -769 422 -191 
4200 -227 553 -1205 3322 32439 -3036 1451 -754 414 -187 
4220 -223 541 -1181 3250 32456 -2982 1424 -740 406 -184 
4240 -218 530 -1156 3177 32473 -2928 1397 -726 398 -180 
4260 -214 519 -1131 3105 32490 -2873 1369 -711 390 -176 
4280 -209 508 -1106 3033 32506 -2818 1342 -697 382 -173 
4300 -205 497 -1081 2961 32522 -2763 1314 -682 374 -169 
4320 -200 485 -1056 2890 32537 -2708 1287 -668 366 -165 
4340 -195 474 -1031 2819 32552 -2652 1259 -653 358 -162 
4360 -191 463 -1007 2747 32566 -2596 1231 -638 350 -158 
4380 -186 452 -982 2677 32580 -2539 1203 -624 341 -154 
4400 -182 441 -957 2606 32594 -2483 1175 -609 333 -151 
4420 -177 429 -932 2536 32607 -2426 1147 -594 325 -147 
4440 -172 418 -907 2465 32619 -2368 1119 -580 317 -143 
4460 -168 407 -883 2395 32632 -2311 1091 -565 309 -140 
4480 -163 396 -858 2326 32643 -2253 1062 -550 301 -136 
4500 -159 385 -833 2256 32655 -2194 1034 -535 292 -132 
4520 -154 373 -809 2187 32665 -2136 1005 -520 284 -128 
4540 -149 362 -784 2118 32676 -2077 977 -505 276 -125 
4560 -145 351 -759 2049 32686 -2018 948 -490 268 -121 
4580 -140 340 -735 1980 32695 -1958 919 -475 259 -117 
4600 -136 328 -710 1912 32704 -1899 890 -460 251 -113 
4620 -131 317 -686 1844 32713 -1839 861 -445 243 -110 
4640 -126 306 -661 1776 32721 -1778 832 -430 234 -106 
4660 -122 295 -637 1709 32728 -1718 803 -414 226 -102 
4680 -117 284 -612 1641 32736 -1657 774 -399 218 -98 
4700 -113 272 -588 1574 32742 -1596 744 -384 209 -94 
4720 -108 261 -564 1507 32749 -1534 715 -369 201 -91 
4740 -103 250 -539 1440 32755 -1472 686 -353 193 -87 
4760 -99 239 -515 1374 32760 -1410 656 -338 184 -83 
4780 -94 228 -491 1308 32765 -1348 626 -323 176 -79 
4800 -90 217 -467 1242 32770 -1285 597 -307 167 -75 
4820 -85 205 -442 1176 32774 -1222 567 -292 159 -72 
4840 -80 194 -418 1111 32777 -1159 537 -276 150 -68 
4860 -76 183 -394 1046 32781 -1096 507 -261 142 -64 
4880 -71 172 -370 981 32783 -1032 477 -245 134 -60 
4900 -67 161 -346 916 32786 -968 447 -230 125 -56 
4920 -62 150 -322 852 32787 -904 417 -214 117 -52 
4940 -57 139 -298 787 32789 -839 387 -199 108 -49 
4960 -53 128 -274 723 32790 -774 356 -183 100 -45 
4980 -48 117 -250 660 32790 -709 326 -167 91 -41 
5000 -44 106 -226 596 32790 -643 296 -152 82 -37 
5020 -39 94 -203 533 32790 -578 265 -136 74 -33 
5040 -35 83 -179 470 32789 -512 235 -120 65 -29 
5060 -30 72 -155 408 32788 -445 204 -105 57 -25 
5080 -25 61 -132 345 32786 -379 173 -89 48 -22 
5100 -21 50 -108 283 32784 -312 143 -73 40 -18 
5120 -16 39 -84 221 32781 -245 112 -57 31 -14 
5140 -12 28 -61 160 32778 -178 81 -42 23 -10 
5160 -7 17 -37 98 32775 -110 50 -26 14 -6 
5180 -3 7 -14 37 32771 -42 19 -10 5 -2 
5200 2 -4 9 -24 32766 26 -12 6 -3 2 
5220 6 -15 32 -84 32761 94 -43 22 -12 5 
5240 11 -26 56 -144 32756 163 -74 38 -20 9 
5260 16 -37 79 -204 32750 232 -105 54 -29 13 
5280 20 -48 102 -264 32744 301 -136 70 -38 17 
5300 25 -59 125 -324 32737 371 -167 85 -46 21 
5320 29 -70 148 -383 32730 440 -199 101 -55 25 
5340 34 -80 171 -442 32723 510 -230 117 -64 29 
5360 38 -91 194 -501 32715 581 -261 133 -72 33 
5380 43 -102 217 -559 32706 651 -293 149 -81 36 
5400 47 -113 239 -617 32697 722 -324 165 -89 40 
5420 52 -123 262 -675 32688 793 -356 181 -98 44 
5440 56 -134 285 -733 32678 864 -387 197 -107 48 
5460 61 -145 307 -790 32668 936 -419 213 -115 52 
5480 65 -155 330 -847 32657 1007 -451 229 -124 56 
5500 69 -166 352 -904 32646 1079 -482 245 -133 60 
5520 74 -177 375 -960 32635 1152 -514 261 -141 64 
5540 78 -187 397 -1016 32623 1224 -546 277 -150 67 
5560 83 -198 419 -1072 32610 1297 -578 293 -158 71 
5580 87 -208 442 -1128 32597 1370 -609 309 -167 75 
5600 92 -219 464 -1183 32584 1443 -641 326 -176 79 
5620 96 -229 486 -1238 32570 1516 -673 342 -184 83 
5640 100 -240 508 -1293 32556 1590 -705 358 -193 87 
5660 105 -250 530 -1348 32542 1664 -737 374 -202 91 
5680 109 -261 551 -1402 32526 1738 -769 390 -210 95 
5700 114 -271 573 -1456 32511 1813 -801 406 -219 98 
5720 118 -282 595 -1510 32495 1887 -833 422 -227 102 
5740 122 -292 617 -1563 32479 1962 -865 438 -236 106 
5760 127 -302 638 -1616 32462 2037 -897 454 -245 110 
5780 131 -313 660 -1669 32445 2113 -929 470 -253 114 
5800 135 -323 681 -1722 32427 2188 -961 486 -262 118 
5820 140 -333 702 -1774 32409 2264 -993 502 -270 121 
5840 144 -343 724 -1826 32390 2340 -1025 518 -279 125 
5860 148 -353 745 -1877 32371 2416 -1057 534 -287 129 
5880 153 -364 766 -1929 32352 2493 -1090 550 -296 133 
5900 157 -374 787 -1980 32332 2569 -1122 566 -305 137 
5920 161 -384 808 -2031 32311 2646 -1154 583 -313 141 
5940 165 -394 829 -2081 32291 2723 -1186 599 -322 144 
5960 170 -404 850 -2132 32270 2801 -1218 615 -330 148 
5980 174 -414 870 -2181 32248 2878 -1251 631 -339 152 
6000 178 -424 891 -2231 32226 2956 -1283 647 -347 156 
6020 182 -434 911 -2280 32203 3034 -1315 663 -356 160 
6040 186 -444 932 -2330 32180 3112 -1347 679 -364 163 
6060 191 -454 952 -2378 32157 3190 -1379 695 -373 167 
6080 195 -464 973 -2427 32133 3269 -1412 711 -381 171 
6100 199 -473 993 -2475 32109 3348 -1444 726 -390 175 
6120 203 -483 1013 -2523 32085 3427 -1476 742 -398 178 
6140 207 -493 1033 -2570 32059 3506 -1508 758 -407 182 
6160 211 -503 1053 -2618 32034 3586 -1541 774 -415 186 
6180 215 -512 1073 -2665 32008 3665 -1573 790 -423 190 
6200 220 -522 1092 -2712 31982 3745 -1605 806 -432 193 
6220 224 -531 1112 -2758 31955 3825 -1637 822 -440 197 
6240 228 -541 1132 -2804 31928 3905 -1669 838 -449 201 
6260 232 -551 1151 -2850 31900 3986 -1702 854 -457 205 
6280 236 -560 1171 -2895 31872 4066 -1734 869 -465 208 
6300 240 -570 1190 -2941 31844 4147 -1766 885 -474 212 
6320 244 -579 1209 -2986 31815 4228 -1798 901 -482 216 
6340 248 -588 1228 -3030 31786 4309 -1830 917 -490 219 
6360 252 -598 1248 -3075 31756 4391 -1863 933 -499 223 
6380 256 -607 1266 -3119 31726 4472 -1895 948 -507 227 
6400 260 -616 1285 -3162 31695 4554 -1927 964 -515 230 
6420 264 -626 1304 -3206 31664 4636 -1959 980 -523 234 
6440 268 -635 1323 -3249 31633 4718 -1991 995 -532 238 
6460 272 -644 1341 -3292 31601 4800 -2023 1011 -540 241 
6480 275 -653 1360 -3334 31569 4883 -2055 1027 -548 245 
6500 279 -662 1378 -3376 31536 4965 -2087 1042 -556 249 
6520 283 -671 1397 -3418 31503 5048 -2119 1058 -564 252 
6540 287 -680 1415 -3460 31470 5131 -2151 1073 -573 256 
6560 291 -689 1433 -3501 31436 5214 -2183 1089 -581 259 
6580 295 -698 1451 -3542 31402 5297 -2215 1104 -589 263 
6600 299 -707 1469 -3583 31367 5381 -2247 1120 -597 267 
6620 302 -716 1487 -3623 31332 5465 -2278 1135 -605 270 
6640 306 -725 1504 -3664 31296 5548 -2310 1150 -613 274 
6660 310 -733 1522 -3703 31260 5632 -2342 1166 -621 277 
6680 314 -742 1540 -3743 31224 5717 -2374 1181 -629 281 
6700 317 -751 1557 -3782 31187 5801 -2406 1196 -637 284 
6720 321 -759 1574 -3821 31150 5885 -2437 1212 -645 288 
6740 325 -768 1591 -3859 31113 5970 -2469 1227 -653 291 
6760 328 -776 1609 -3898 31075 6055 -2500 1242 -661 295 
6780 332 -785 1626 -3936 31036 6140 -2532 1257 -669 298 
6800 336 -793 1643 -3973 30998 6225 -2563 1272 -677 302 
6820 339 -802 1659 -4011 30959 6310 -2595 1288 -685 305 
6840 343 -810 1676 -4048 30919 6395 -2626 1303 -692 309 
6860 347 -818 1693 -4085 30879 6481 -2658 1318 -700 312 
6880 350 -827 1709 -4121 30839 6567 -2689 1333 -708 316 
6900 354 -835 1725 -4157 30798 6652 -2720 1348 -716 319 
6920 357 -843 1742 -4193 30757 6738 -2751 1362 -724 322 
6940 361 -851 1758 -4229 30715 6824 -2783 1377 -731 326 
6960 364 -859 1774 -4264 30673 6911 -2814 1392 -739 329 
6980 368 -867 1790 -4299 30631 6997 -2845 1407 -747 333 
7000 371 -875 1806 -4333 30588 7084 -2876 1422 -754 336 
7020 375 -883 1822 -4368 30545 7170 -2907 1436 -762 339 
7040 378 -891 1837 -4402 30502 7257 -2938 1451 -769 343 
7060 381 -899 1853 -4435 30458 7344 -2968 1466 -777 346 
7080 385 -907 1868 -4469 30414 7431 -2999 1480 -785 349 
7100 388 -915 1883 -4502 30369 7518 -3030 1495 -792 352 
7120 392 -922 1899 -4534 30324 7605 -3060 1509 -799 356 
7140 395 -930 1914 -4567 30279 7693 -3091 1524 -807 359 
7160 398 -938 1929 -4599 30233 7780 -3122 1538 -814 362 
7180 401 -945 1944 -4631 30187 7868 -3152 1553 -822 366 
7200 405 -953 1958 -4662 30140 7956 -3182 1567 -829 369 
7220 408 -960 1973 -4694 30093 8044 -3213 1581 -836 372 
7240 411 -968 1988 -4725 30046 8132 -3243 1595 -844 375 
7260 414 -975 2002 -4755 29998 8220 -3273 1610 -851 378 
7280 418 -982 2016 -4785 29950 8308 -3303 1624 -858 381 
7300 421 -990 2031 -4815 29902 8396 -3333 1638 -865 385 
7320 424 -997 2045 -4845 29853 8485 -3363 1652 -873 388 
7340 427 -1004 2059 -4875 29804 8573 -3393 1666 -880 391 
7360 430 -1011 2072 -4904 29754 8662 -3423 1680 -887 394 
7380 433 -1018 2086 -4932 29704 8751 -3452 1693 -894 397 
7400 436 -1025 2100 -4961 29654 8839 -3482 1707 -901 400 
7420 439 -1032 2113 -4989 29604 8928 -3511 1721 -908 403 
7440 442 -1039 2127 -5017 29553 9017 -3541 1735 -915 406 
7460 445 -1046 2140 -5044 29501 9106 -3570 1748 -922 409 
7480 448 -1053 2153 -5072 29449 9196 -3600 1762 -929 412 
7500 451 -1059 2166 -5099 29397 9285 -3629 1775 -936 415 
7520 454 -1066 2179 -5125 29345 9374 -3658 1789 -943 418 
7540 457 -1073 2192 -5151 29292 9464 -3687 1802 -950 421 
7560 460 -1079 2205 -5177 29239 9553 -3716 1816 -956 424 
7580 463 -1086 2217 -5203 29185 9643 -3745 1829 -963 427 
7600 466 -1092 2230 -5229 29131 9733 -3773 1842 -970 430 
7620 469 -1099 2242 -5254 29077 9823 -3802 1855 -976 433 
7640 471 -1105 2254 -5278 29023 9913 -3830 1868 -983 436 
7660 474 -1112 2266 -5303 28968 10003 -3859 1882 -990 439 
7680 477 -1118 2278 -5327 28912 10093 -3887 1895 -996 442 
7700 480 -1124 2290 -5351 28857 10183 -3915 1907 -1003 444 
7720 482 -1130 2302 -5374 28801 10273 -3944 1920 -1009 447 
7740 485 -1136 2314 -5398 28744 10363 -3972 1933 -1016 450 
7760 488 -1142 2325 -5421 28688 10453 -3999 1946 -1022 453 
7780 490 -1148 2337 -5443 28631 10544 -4027 1959 -1029 456 
7800 493 -1154 2348 -5466 28573 10634 -4055 1971 -1035 458 
7820 496 -1160 2359 -5488 28515 10725 -4083 1984 -1041 461 
7840 498 -1166 2370 -5509 28457 10815 -4110 1996 -1047 464 
7860 501 -1172 2381 -5531 28399 10906 -4137 2009 -1054 466 
7880 503 -1177 2392 -5552 28340 10997 -4165 2021 -1060 469 
7900 506 -1183 2402 -5573 28281 11087 -4192 2033 -1066 472 
7920 508 -1189 2413 -5593 28222 11178 -4219 2045 -1072 474 
7940 511 -1194 2423 -5614 28162 11269 -4246 2057 -1078 477 
7960 513 -1200 2434 -5633 28102 11360 -4273 2070 -1084 480 
7980 516 -1205 2444 -5653 28042 11451 -4299 2082 -1090 482 
8000 518 -1210 2454 -5672 27981 11542 -4326 2093 -1096 485 
8020 520 -1216 2464 -5691 27920 11633 -4352 2105 -1102 487 
8040 523 -1221 2474 -5710 27858 11724 -4378 2117 -1108 490 
8060 525 -1226 2484 -5728 27797 11815 -4405 2129 -1114 492 
8080 527 -1231 2493 -5747 27735 11906 -4431 2140 -1120 495 
8100 530 -1236 2503 -5764 27672 11997 -4457 2152 -1125 497 
8120 532 -1242 2512 -5782 27610 12088 -4482 2163 -1131 500 
8140 534 -1246 2521 -5799 27547 12180 -4508 2175 -1137 502 
8160 536 -1251 2530 -5816 27483 12271 -4534 2186 -1142 504 
8180 538 -1256 2539 -5833 27420 12362 -4559 2197 -1148 507 
8200 541 -1261 2548 -5849 27356 12453 -4584 2209 -1153 509 
8220 543 -1266 2557 -5865 27292 12545 -4609 2220 -1159 512 
8240 545 -1270 2565 -5881 27227 12636 -4634 2231 -1164 514 
8260 547 -1275 2574 -5896 27162 12727 -4659 2242 -1170 516 
8280 549 -1280 2582 -5911 27097 12819 -4684 2252 -1175 518 
8300 551 -1284 2590 -5926 27031 12910 -4709 2263 -1180 521 
8320 553 -1289 2598 -5940 26966 13002 -4733 2274 -1186 523 
8340 555 -1293 2606 -5955 26900 13093 -4757 2285 -1191 525 
8360 557 -1297 2614 -5969 26833 13185 -4782 2295 -1196 527 
8380 559 -1302 2622 -5982 26767 13276 -4806 2306 -1201 530 
8400 561 -1306 2630 -5996 26700 13367 -4829 2316 -1206 532 
8420 563 -1310 2637 -6009 26632 13459 -4853 2326 -1211 534 
8440 565 -1314 2644 -6021 26565 13550 -4877 2336 -1216 536 
8460 566 -1318 2652 -6034 26497 13642 -4900 2347 -1221 538 
8480 568 -1322 2659 -6046 26429 13733 -4923 2357 -1226 540 
8500 570 -1326 2666 -6058 26360 13825 -4947 2367 -1231 542 
8520 572 -1330 2673 -6070 26291 13916 -4970 2376 -1236 544 
8540 573 -1333 2679 -6081 26222 14007 -4992 2386 -1240 546 
8560 575 -1337 2686 -6092 26153 14099 -5015 2396 -1245 548 
8580 577 -1341 2692 -6103 26084 14190 -5038 2406 -1250 550 
8600 578 -1344 2699 -6113 26014 14282 -5060 2415 -1254 552 
8620 580 -1348 2705 -6123 25944 14373 -5082 2424 -1259 554 
8640 582 -1351 2711 -6133 25873 14464 -5104 2434 -1263 556 
8660 583 -1355 2717 -6142 25802 14556 -5126 2443 -1268 558 
8680 585 -1358 2723 -6152 25731 14647 -5148 2452 -1272 560 
8700 586 -1362 2729 -6161 25660 14738 -5169 2461 -1277 562 
8720 588 -1365 2734 -6169 25589 14829 -5191 2470 -1281 563 
8740 589 -1368 2740 -6178 25517 14921 -5212 2479 -1285 565 
8760 591 -1371 2745 -6186 25445 15012 -5233 2488 -1289 567 
8780 592 -1374 2750 -6194 25372 15103 -5254 2497 -1294 569 
8800 594 -1377 2756 -6201 25300 15194 -5274 2505 -1298 570 
8820 595 -1380 2761 -6209 25227 15285 -5295 2514 -1302 572 
8840 596 -1383 2765 -6216 25154 15376 -5315 2522 -1306 574 
8860 598 -1386 2770 -6222 25080 15467 -5335 2531 -1310 575 
8880 599 -1389 2775 -6229 25007 15558 -5355 2539 -1314 577 
8900 600 -1391 2779 -6235 24933 15649 -5375 2547 -1317 579 
8920 601 -1394 2784 -6241 24859 15740 -5395 2555 -1321 580 
8940 603 -1396 2788 -6246 24784 15831 -5414 2563 -1325 582 
8960 604 -1399 2792 -6252 24709 15922 -5434 2571 -1329 583 
8980 605 -1401 2796 -6257 24635 16012 -5453 2579 -1332 585 
9000 606 -1404 2800 -6261 24559 16103 -5472 2586 -1336 586 
9020 607 -1406 2803 -6266 24484 16194 -5490 2594 -1339 588 
9040 608 -1408 2807 -6270 24408 16284 -5509 2601 -1343 589 
9060 609 -1410 2811 -6274 24332 16375 -5527 2609 -1346 591 
9080 610 -1413 2814 -6278 24256 16465 -5546 2616 -1350 592 
9100 611 -1415 2817 -6281 24180 16556 -5564 2623 -1353 593 
9120 612 -1417 2820 -6284 24103 16646 -5581 2630 -1356 595 
9140 613 -1419 2823 -6287 24026 16736 -5599 2637 -1359 596 
9160 614 -1421 2826 -6290 23949 16826 -5616 2644 -1363 597 
9180 615 -1422 2829 -6292 23872 16916 -5634 2651 -1366 598 
9200 616 -1424 2832 -6294 23794 17006 -5651 2658 -1369 600 
9220 617 -1426 2834 -6296 23717 17096 -5668 2664 -1372 601 
9240 618 -1427 2836 -6297 23639 17186 -5684 2671 -1375 602 
9260 618 -1429 2839 -6298 23560 17276 -5701 2677 -1378 603 
9280 619 -1431 2841 -6299 23482 17366 -5717 2683 -1380 604 
9300 620 -1432 2843 -6300 23403 17455 -5733 2689 -1383 606 
9320 621 -1433 2845 -6300 23324 17545 -5749 2695 -1386 607 
9340 621 -1435 2846 -6300 23245 17634 -5764 2701 -1389 608 
9360 622 -1436 2848 -6300 23166 17724 -5780 2707 -1391 609 
9380 622 -1437 2850 -6300 23086 17813 -5795 2713 -1394 610 
9400 623 -1438 2851 -6299 23007 17902 -5810 2719 -1396 611 
9420 624 -1439 2852 -6298 22927 17991 -5825 2724 -1399 612 
9440 624 -1440 2853 -6297 22846 18080 -5840 2730 -1401 613 
9460 625 -1441 2854 -6296 22766 18169 -5854 2735 -1403 614 
9480 625 -1442 2855 -6294 22685 18258 -5868 2740 -1406 615 
9500 626 -1443 2856 -6292 22605 18346 -5882 2745 -1408 615 
9520 626 -1444 2857 -6290 22524 18435 -5896 2750 -1410 616 
9540 627 -1445 2857 -6287 22442 18523 -5910 2755 -1412 617 
9560 627 -1445 2858 -6285 22361 18612 -5923 2760 -1414 618 
9580 627 -1446 2858 -6282 22279 18700 -5936 2764 -1416 619 
9600 628 -1446 2858 -6278 22198 18788 -5949 2769 -1418 619 
9620 628 -1447 2858 -6275 22116 18876 -5962 2773 -1420 620 
9640 628 -1447 2858 -6271 22033 18964 -5974 2778 -1422 621 
9660 628 -1448 2858 -6267 21951 19052 -5987 2782 -1423 621 
9680 629 -1448 2858 -6263 21868 19139 -5999 2786 -1425 622 
9700 629 -1448 2857 -6258 21786 19227 -6011 2790 -1427 623 
9720 629 -1448 2857 -6253 21703 19314 -6022 2794 -1428 623 
9740 629 -1448 2856 -6248 21620 19402 -6034 2798 -1430 624 
9760 629 -1448 2855 -6243 21536 19489 -6045 2802 -1431 624 
9780 629 -1448 2854 -6238 21453 19576 -6056 2805 -1433 625 
9800 630 -1448 2853 -6232 21369 19663 -6066 2809 -1434 625 
9820 630 -1448 2852 -6226 21285 19749 -6077 2812 -1435 626 
9840 630 -1448 2851 -6220 21201 19836 -6087 2815 -1437 626 
9860 630 -1448 2850 -6213 21117 19922 -6097 2818 -1438 627 
9880 630 -1447 2848 -6206 21033 20009 -6107 2821 -1439 627 
9900 629 -1447 2847 -6199 20949 20095 -6117 2824 -1440 627 
9920 629 -1447 2845 -6192 20864 20181 -6126 2827 -1441 628 
9940 629 -1446 2843 -6185 20779 20267 -6135 2829 -1442 628 
9960 629 -1446 2841 -6177 20694 20353 -6144 2832 -1443 628 
9980 629 -1445 2839 -6169 20609 20438 -6153 2834 -1443 629 
10000 629 -1444 2837 -6161 20524 20524 -6161 2837 -1444 629 
10020 629 -1443 2834 -6153 20438 20609 -6169 2839 -1445 629 
10040 628 -1443 2832 -6144 20353 20694 -6177 2841 -1446 629 
10060 628 -1442 2829 -6135 20267 20779 -6185 2843 -1446 629 
10080 628 -1441 2827 -6126 20181 20864 -6192 2845 -1447 629 
10100 627 -1440 2824 -6117 20095 20949 -6199 2847 -1447 629 
10120 627 -1439 2821 -6107 20009 21033 -6206 2848 -1447 630 
10140 627 -1438 2818 -6097 19922 21117 -6213 2850 -1448 630 
10160 626 -1437 2815 -6087 19836 21201 -6220 2851 -1448 630 
10180 626 -1435 2812 -6077 19749 21285 -6226 2852 -1448 630 
10200 625 -1434 2809 -6066 19663 21369 -6232 2853 -1448 630 
10220 625 -1433 2805 -6056 19576 21453 -6238 2854 -1448 629 
10240 624 -1431 2802 -6045 19489 21536 -6243 2855 -1448 629 
10260 624 -1430 2798 -6034 19402 21620 -6248 2856 -1448 629 
10280 623 -1428 2794 -6022 19314 21703 -6253 2857 -1448 629 
10300 623 -1427 2790 -6011 19227 21786 -6258 2857 -1448 629 
10320 622 -1425 2786 -5999 19139 21868 -6263 2858 -1448 629 
10340 621 -1423 2782 -5987 19052 21951 -6267 2858 -1448 628 
10360 621 -1422 2778 -5974 18964 22033 -6271 2858 -1447 628 
10380 620 -1420 2773 -5962 18876 22116 -6275 2858 -1447 628 
10400 619 -1418 2769 -5949 18788 22198 -6278 2858 -1446 628 
10420 619 -1416 2764 -5936 18700 22279 -6282 2858 -1446 627 
10440 618 -1414 2760 -5923 18612 22361 -6285 2858 -1445 627 
10460 617 -1412 2755 -5910 18523 22442 -6287 2857 -1445 627 
10480 616 -1410 2750 -5896 18435 22524 -6290 2857 -1444 626 
10500 615 -1408 2745 -5882 18346 22605 -6292 2856 -1443 626 
10520 615 -1406 2740 -5868 18258 22685 -6294 2855 -1442 625 
10540 614 -1403 2735 -5854 18169 22766 -6296 2854 -1441 625 
10560 613 -1401 2730 -5840 18080 22846 -6297 2853 -1440 624 
10580 612 -1399 2724 -5825 17991 22927 -6298 2852 -1439 624 
10600 611 -1396 2719 -5810 17902 23007 -6299 2851 -1438 623 
10620 610 -1394 2713 -5795 17813 23086 -6300 2850 -1437 622 
10640 609 -1391 2707 -5780 17724 23166 -6300 2848 -1436 622 
10660 608 -1389 2701 -5764 17634 23245 -6300 2846 -1435 621 
10680 607 -1386 2695 -5749 17545 23324 -6300 2845 -1433 621 
10700 606 -1383 2689 -5733 17455 23403 -6300 2843 -1432 620 
10720 604 -1380 2683 -5717 17366 23482 -6299 2841 -1431 619 
10740 603 -1378 2677 -5701 17276 23560 -6298 2839 -1429 618 
10760 602 -1375 2671 -5684 17186 23639 -6297 2836 -1427 618 
10780 601 -1372 2664 -5668 17096 23717 -6296 2834 -1426 617 
10800 600 -1369 2658 -5651 17006 23794 -6294 2832 -1424 616 
10820 598 -1366 2651 -5634 16916 23872 -6292 2829 -1422 615 
10840 597 -1363 2644 -5616 16826 23949 -6290 2826 -1421 614 
10860 596 -1359 2637 -5599 16736 24026 -6287 2823 -1419 613 
10880 595 -1356 2630 -5581 16646 24103 -6284 2820 -1417 612 
10900 593 -1353 2623 -5564 16556 24180 -6281 2817 -1415 611 
10920 592 -1350 2616 -5546 16465 24256 -6278 2814 -1413 610 
10940 591 -1346 2609 -5527 16375 24332 -6274 2811 -1410 609 
10960 589 -1343 2601 -5509 16284 24408 -6270 2807 -1408 608 
10980 588 -1339 2594 -5490 16194 24484 -6266 2803 -1406 607 
11000 586 -1336 2586 -5472 16103 24559 -6261 2800 -1404 606 
11020 585 -1332 2579 -5453 16012 24635 -6257 2796 -1401 605 
11040 583 -1329 2571 -5434 15922 24709 -6252 2792 -1399 604 
11060 582 -1325 2563 -5414 15831 24784 -6246 2788 -1396 603 
11080 580 -1321 2555 -5395 15740 24859 -6241 2784 -1394 601 
11100 579 -1317 2547 -5375 15649 24933 -6235 2779 -1391 600 
11120 577 -1314 2539 -5355 15558 25007 -6229 2775 -1389 599 
11140 575 -1310 2531 -5335 15467 25080 -6222 2770 -1386 598 
11160 574 -1306 2522 -5315 15376 25154 -6216 2765 -1383 596 
11180 572 -1302 2514 -5295 15285 25227 -6209 2761 -1380 595 
11200 570 -1298 2505 -5274 15194 25300 -6201 2756 -1377 594 
11220 569 -1294 2497 -5254 15103 25372 -6194 2750 -1374 592 
11240 567 -1289 2488 -5233 15012 25445 -6186 2745 -1371 591 
11260 565 -1285 2479 -5212 14921 25517 -6178 2740 -1368 589 
11280 563 -1281 2470 -5191 14829 25589 -6169 2734 -1365 588 
11300 562 -1277 2461 -5169 14738 25660 -6161 2729 -1362 586 
11320 560 -1272 2452 -5148 14647 25731 -6152 2723 -1358 585 
11340 558 -1268 2443 -5126 14556 25802 -6142 2717 -1355 583 
11360 556 -1263 2434 -5104 14464 25873 -6133 2711 -1351 582 
11380 554 -1259 2424 -5082 14373 25944 -6123 2705 -1348 580 
11400 552 -1254 2415 -5060 14282 26014 -6113 2699 -1344 578 
11420 550 -1250 2406 -5038 14190 26084 -6103 2692 -1341 577 
11440 548 -1245 2396 -5015 14099 26153 -6092 2686 -1337 575 
11460 546 -1240 2386 -4992 14007 26222 -6081 2679 -1333 573 
11480 544 -1236 2376 -4970 13916 26291 -6070 2673 -1330 572 
11500 542 -1231 2367 -4947 13825 26360 -6058 2666 -1326 570 
11520 540 -1226 2357 -4923 13733 26429 -6046 2659 -1322 568 
11540 538 -1221 2347 -4900 13642 26497 -6034 2652 -1318 566 
11560 536 -1216 2336 -4877 13550 26565 -6021 2644 -1314 565 
11580 534 -1211 2326 -4853 13459 26632 -6009 2637 -1310 563 
11600 532 -1206 2316 -4829 13367 26700 -5996 2630 -1306 561 
11620 530 -1201 2306 -4806 13276 26767 -5982 2622 -1302 559 
11640 527 -1196 2295 -4782 13185 26833 -5969 2614 -1297 557 
11660 525 -1191 2285 -4757 13093 26900 -5955 2606 -1293 555 
11680 523 -1186 2274 -4733 13002 26966 -5940 2598 -1289 553 
11700 521 -1180 2263 -4709 12910 27031 -5926 2590 -1284 551 
11720 518 -1175 2252 -4684 12819 27097 -5911 2582 -1280 549 
11740 516 -1170 2242 -4659 12727 27162 -5896 2574 -1275 547 
11760 514 -1164 2231 -4634 12636 27227 -5881 2565 -1270 545 
11780 512 -1159 2220 -4609 12545 27292 -5865 2557 -1266 543 
11800 509 -1153 2209 -4584 12453 27356 -5849 2548 -1261 541 
11820 507 -1148 2197 -4559 12362 27420 -5833 2539 -1256 538 
11840 504 -1142 2186 -4534 12271 27483 -5816 2530 -1251 536 
11860 502 -1137 2175 -4508 12180 27547 -5799 2521 -1246 534 
11880 500 -1131 2163 -4482 12088 27610 -5782 2512 -1242 532 
11900 497 -1125 2152 -4457 11997 27672 -5764 2503 -1236 530 
11920 495 -1120 2140 -4431 11906 27735 -5747 2493 -1231 527 
11940 492 -1114 2129 -4405 11815 27797 -5728 2484 -1226 525 
11960 490 -1108 2117 -4378 11724 27858 -5710 2474 -1221 523 
11980 487 -1102 2105 -4352 11633 27920 -5691 2464 -1216 520 
12000 485 -1096 2093 -4326 11542 27981 -5672 2454 -1210 518 
12020 482 -1090 2082 -4299 11451 28042 -5653 2444 -1205 516 
12040 480 -1084 2070 -4273 11360 28102 -5633 2434 -1200 513 
12060 477 -1078 2057 -4246 11269 28162 -5614 2423 -1194 511 
12080 474 -1072 2045 -4219 11178 28222 -5593 2413 -1189 508 
12100 472 -1066 2033 -4192 11087 28281 -5573 2402 -1183 506 
12120 469 -1060 2021 -4165 10997 28340 -5552 2392 -1177 503 
12140 466 -1054 2009 -4137 10906 28399 -5531 2381 -1172 501 
12160 464 -1047 1996 -4110 10815 28457 -5509 2370 -1166 498 
12180 461 -1041 1984 -4083 10725 28515 -5488 2359 -1160 496 
12200 458 -1035 1971 -4055 10634 28573 -5466 2348 -1154 493 
12220 456 -1029 1959 -4027 10544 28631 -5443 2337 -1148 490 
12240 453 -1022 1946 -3999 10453 28688 -5421 2325 -1142 488 
12260 450 -1016 1933 -3972 10363 28744 -5398 2314 -1136 485 
12280 447 -1009 1920 -3944 10273 28801 -5374 2302 -1130 482 
12300 444 -1003 1907 -3915 10183 28857 -5351 2290 -1124 480 
12320 442 -996 1895 -3887 10093 28912 -5327 2278 -1118 477 
12340 439 -990 1882 -3859 10003 28968 -5303 2266 -1112 474 
12360 436 -983 1868 -3830 9913 29023 -5278 2254 -1105 471 
12380 433 -976 1855 -3802 9823 29077 -5254 2242 -1099 469 
12400 430 -970 1842 -3773 9733 29131 -5229 2230 -1092 466 
12420 427 -963 1829 -3745 9643 29185 -5203 2217 -1086 463 
12440 424 -956 1816 -3716 9553 29239 -5177 2205 -1079 460 
12460 421 -950 1802 -3687 9464 29292 -5151 2192 -1073 457 
12480 418 -943 1789 -3658 9374 29345 -5125 2179 -1066 454 
12500 415 -936 1775 -3629 9285 29397 -5099 2166 -1059 451 
12520 412 -929 1762 -3600 9196 29449 -5072 2153 -1053 448 
12540 409 -922 1748 -3570 9106 29501 -5044 2140 -1046 445 
12560 406 -915 1735 -3541 9017 29553 -5017 2127 -1039 442 
12580 403 -908 1721 -3511 8928 29604 -4989 2113 -1032 439 
12600 400 -901 1707 -3482 8839 29654 -4961 2100 -1025 436 
12620 397 -894 1693 -3452 8751 29704 -4932 2086 -1018 433 
12640 394 -887 1680 -3423 8662 29754 -4904 2072 -1011 430 
12660 391 -880 1666 -3393 8573 29804 -4875 2059 -1004 427 
12680 388 -873 1652 -3363 8485 29853 -4845 2045 -997 424 
12700 385 -865 1638 -3333 8396 29902 -4815 2031 -990 421 
12720 381 -858 1624 -3303 8308 29950 -4785 2016 -982 418 
12740 378 -851 1610 -3273 8220 29998 -4755 2002 -975 414 
12760 375 -844 1595 -3243 8132 30046 -4725 1988 -968 411 
12780 372 -836 1581 -3213 8044 30093 -4694 1973 -960 408 
12800 369 -829 1567 -3182 7956 30140 -4662 1958 -953 405 
12820 366 -822 1553 -3152 7868 30187 -4631 1944 -945 401 
12840 362 -814 1538 -3122 7780 30233 -4599 1929 -938 398 
12860 359 -807 1524 -3091 7693 30279 -4567 1914 -930 395 
12880 356 -799 1509 -3060 7605 30324 -4534 1899 -922 392 
12900 352 -792 1495 -3030 7518 30369 -4502 1883 -915 388 
12920 349 -785 1480 -2999 7431 30414 -4469 1868 -907 385 
12940 346 -777 1466 -2968 7344 30458 -4435 1853 -899 381 
12960 343 -769 1451 -2938 7257 30502 -4402 1837 -891 378 
12980 339 -762 1436 -2907 7170 30545 -4368 1822 -883 375 
13000 336 -754 1422 -2876 7084 30588 -4333 1806 -875 371 
13020 333 -747 1407 -2845 6997 30631 -4299 1790 -867 368 
13040 329 -739 1392 -2814 6911 30673 -4264 1774 -859 364 
13060 326 -731 1377 -2783 6824 30715 -4229 1758 -851 361 
13080 322 -724 1362 -2751 6738 30757 -4193 1742 -843 357 
13100 319 -716 1348 -2720 6652 30798 -4157 1725 -835 354 
13120 316 -708 1333 -2689 6567 30839 -4121 1709 -827 350 
13140 312 -700 1318 -2658 6481 30879 -4085 1693 -818 347 
13160 309 -692 1303 -2626 6395 30919 -4048 1676 -810 343 
13180 305 -685 1288 -2595 6310 30959 -4011 1659 -802 339 
13200 302 -677 1272 -2563 6225 30998 -3973 1643 -793 336 
13220 298 -669 1257 -2532 6140 31036 -3936 1626 -785 332 
13240 295 -661 1242 -2500 6055 31075 -3898 1609 -776 328 
13260 291 -653 1227 -2469 5970 31113 -3859 1591 -768 325 
13280 288 -645 1212 -2437 5885 31150 -3821 1574 -759 321 
13300 284 -637 1196 -2406 5801 31187 -3782 1557 -751 317 
13320 281 -629 1181 -2374 5717 31224 -3743 1540 -742 314 
13340 277 -621 1166 -2342 5632 31260 -3703 1522 -733 310 
13360 274 -613 1150 -2310 5548 31296 -3664 1504 -725 306 
13380 270 -605 1135 -2278 5465 31332 -3623 1487 -716 302 
13400 267 -597 1120 -2247 5381 31367 -3583 1469 -707 299 
13420 263 -589 1104 -2215 5297 31402 -3542 1451 -698 295 
13440 259 -581 1089 -2183 5214 31436 -3501 1433 -689 291 
13460 256 -573 1073 -2151 5131 31470 -3460 1415 -680 287 
13480 252 -564 1058 -2119 5048 31503 -3418 1397 -671 283 
13500 249 -556 1042 -2087 4965 31536 -3376 1378 -662 279 
13520 245 -548 1027 -2055 4883 31569 -3334 1360 -653 275 
13540 241 -540 1011 -2023 4800 31601 -3292 1341 -644 272 
13560 238 -532 995 -1991 4718 31633 -3249 1323 -635 268 
13580 234 -523 980 -1959 4636 31664 -3206 1304 -626 264 
13600 230 -515 964 -1927 4554 31695 -3162 1285 -616 260 
13620 227 -507 948 -1895 4472 31726 -3119 1266 -607 256 
13640 223 -499 933 -1863 4391 31756 -3075 1248 -598 252 
13660 219 -490 917 -1830 4309 31786 -3030 1228 -588 248 
13680 216 -482 901 -1798 4228 31815 -2986 1209 -579 244 
13700 212 -474 885 -1766 4147 31844 -2941 1190 -570 240 
13720 208 -465 869 -1734 4066 31872 -2895 1171 -560 236 
13740 205 -457 854 -1702 3986 31900 -2850 1151 -551 232 
13760 201 -449 838 -1669 3905 31928 -2804 1132 -541 228 
13780 197 -440 822 -1637 3825 31955 -2758 1112 -531 224 
13800 193 -432 806 -1605 3745 31982 -2712 1092 -522 220 
13820 190 -423 790 -1573 3665 32008 -2665 1073 -512 215 
13840 186 -415 774 -1541 3586 32034 -2618 1053 -503 211 
13860 182 -407 758 -1508 3506 32059 -2570 1033 -493 207 
13880 178 -398 742 -1476 3427 32085 -2523 1013 -483 203 
13900 175 -390 726 -1444 3348 32109 -2475 993 -473 199 
13920 171 -381 711 -1412 3269 32133 -2427 973 -464 195 
13940 167 -373 695 -1379 3190 32157 -2378 952 -454 191 
13960 163 -364 679 -1347 3112 32180 -2330 932 -444 186 
13980 160 -356 663 -1315 3034 32203 -2280 911 -434 182 
14000 156 -347 647 -1283 2956 32226 -2231 891 -424 178 
14020 152 -339 631 -1251 2878 32248 -2181 870 -414 174 
14040 148 -330 615 -1218 2801 32270 -2132 850 -404 170 
14060 144 -322 599 -1186 2723 32291 -2081 829 -394 165 
14080 141 -313 583 -1154 2646 32311 -2031 808 -384 161 
14100 137 -305 566 -1122 2569 32332 -1980 787 -374 157 
14120 133 -296 550 -1090 2493 32352 -1929 766 -364 153 
14140 129 -287 534 -1057 2416 32371 -1877 745 -353 148 
14160 125 -279 518 -1025 2340 32390 -1826 724 -343 144 
14180 121 -270 502 -993 2264 32409 -1774 702 -333 140 
14200 118 -262 486 -961 2188 32427 -1722 681 -323 135 
14220 114 -253 470 -929 2113 32445 -1669 660 -313 131 
14240 110 -245 454 -897 2037 32462 -1616 638 -302 127 
14260 106 -236 438 -865 1962 32479 -1563 617 -292 122 
14280 102 -227 422 -833 1887 32495 -1510 595 -282 118 
14300 98 -219 406 -801 1813 32511 -1456 573 -271 114 
14320 95 -210 390 -769 1738 32526 -1402 551 -261 109 
14340 91 -202 374 -737 1664 32542 -1348 530 -250 105 
14360 87 -193 358 -705 1590 32556 -1293 508 -240 100 
14380 83 -184 342 -673 1516 32570 -1238 486 -229 96 
14400 79 -176 326 -641 1443 32584 -1183 464 -219 92 
14420 75 -167 309 -609 1370 32597 -1128 442 -208 87 
14440 71 -158 293 -578 1297 32610 -1072 419 -198 83 
14460 67 -150 277 -546 1224 32623 -1016 397 -187 78 
14480 64 -141 261 -514 1152 32635 -960 375 -177 74 
14500 60 -133 245 -482 1079 32646 -904 352 -166 69 
14520 56 -124 229 -451 1007 32657 -847 330 -155 65 
14540 52 -115 213 -419 936 32668 -790 307 -145 61 
14560 48 -107 197 -387 864 32678 -733 285 -134 56 
14580 44 -98 181 -356 793 32688 -675 262 -123 52 
14600 40 -89 165 -324 722 32697 -617 239 -113 47 
14620 36 -81 149 -293 651 32706 -559 217 -102 43 
14640 33 -72 133 -261 581 32715 -501 194 -91 38 
14660 29 -64 117 -230 510 32723 -442 171 -80 34 
14680 25 -55 101 -199 440 32730 -383 148 -70 29 
14700 21 -46 85 -167 371 32737 -324 125 -59 25 
14720 17 -38 70 -136 301 32744 -264 102 -48 20 
14740 13 -29 54 -105 232 32750 -204 79 -37 16 
14760 9 -20 38 -74 163 32756 -144 56 -26 11 
14780 5 -12 22 -43 94 32761 -84 32 -15 6 
14800 2 -3 6 -12 26 32766 -24 9 -4 2 
14820 -2 5 -10 19 -42 32771 37 -14 7 -3 
14840 -6 14 -26 50 -110 32775 98 -37 17 -7 
14860 -10 23 -42 81 -178 32778 160 -61 28 -12 
14880 -14 31 -57 112 -245 32781 221 -84 39 -16 
14900 -18 40 -73 143 -312 32784 283 -108 50 -21 
14920 -22 48 -89 173 -379 32786 345 -132 61 -25 
14940 -25 57 -105 204 -445 32788 408 -155 72 -30 
14960 -29 65 -120 235 -512 32789 470 -179 83 -35 
14980 -33 74 -136 265 -578 32790 533 -203 94 -39 
15000 -37 82 -152 296 -643 32790 596 -226 106 -44 
15020 -41 91 -167 326 -709 32790 660 -250 117 -48 
15040 -45 100 -183 356 -774 32790 723 -274 128 -53 
15060 -49 108 -199 387 -839 32789 787 -298 139 -57 
15080 -52 117 -214 417 -904 32787 852 -322 150 -62 
15100 -56 125 -230 447 -968 32786 916 -346 161 -67 
15120 -60 134 -245 477 -1032 32783 981 -370 172 -71 
15140 -64 142 -261 507 -1096 32781 1046 -394 183 -76 
15160 -68 150 -276 537 -1159 32777 1111 -418 194 -80 
15180 -72 159 -292 567 -1222 32774 1176 -442 205 -85 
15200 -75 167 -307 597 -1285 32770 1242 -467 217 -90 
15220 -79 176 -323 626 -1348 32765 1308 -491 228 -94 
15240 -83 184 -338 656 -1410 32760 1374 -515 239 -99 
15260 -87 193 -353 686 -1472 32755 1440 -539 250 -103 
15280 -91 201 -369 715 -1534 32749 1507 -564 261 -108 
15300 -94 209 -384 744 -1596 32742 1574 -588 272 -113 
15320 -98 218 -399 774 -1657 32736 1641 -612 284 -117 
15340 -102 226 -414 803 -1718 32728 1709 -637 295 -122 
15360 -106 234 -430 832 -1778 32721 1776 -661 306 -126 
15380 -110 243 -445 861 -1839 32713 1844 -686 317 -131 
15400 -113 251 -460 890 -1899 32704 1912 -710 328 -136 
15420 -117 259 -475 919 -1958 32695 1980 -735 340 -140 
15440 -121 268 -490 948 -2018 32686 2049 -759 351 -145 
15460 -125 276 -505 977 -2077 32676 2118 -784 362 -149 
15480 -128 284 -520 1005 -2136 32665 2187 -809 373 -154 
15500 -132 292 -535 1034 -2194 32655 2256 -833 385 -159 
15520 -136 301 -550 1062 -2253 32643 2326 -858 396 -163 
15540 -140 309 -565 1091 -2311 32632 2395 -883 407 -168 
15560 -143 317 -580 1119 -2368 32619 2465 -907 418 -172 
15580 -147 325 -594 1147 -2426 32607 2536 -932 429 -177 
15600 -151 333 -609 1175 -2483 32594 2606 -957 441 -182 
15620 -154 341 -624 1203 -2539 32580 2677 -982 452 -186 
15640 -158 350 -638 1231 -2596 32566 2747 -1007 463 -191 
15660 -162 358 -653 1259 -2652 32552 2819 -1031 474 -195 
15680 -165 366 -668 1287 -2708 32537 2890 -1056 485 -200 
15700 -169 374 -682 1314 -2763 32522 2961 -1081 497 -205 
15720 -173 382 -697 1342 -2818 32506 3033 -1106 508 -209 
15740 -176 390 -711 1369 -2873 32490 3105 -1131 519 -214 
15760 -180 398 -726 1397 -2928 32473 3177 -1156 530 -218 
15780 -184 406 -740 1424 -2982 32456 3250 -1181 541 -223 
15800 -187 414 -754 1451 -3036 32439 3322 -1205 553 -227 
15820 -191 422 -769 1478 -3090 32421 3395 -1230 564 -232 
15840 -195 430 -783 1505 -3143 32403 3468 -1255 575 -236 
15860 -198 437 -797 1532 -3196 32384 3541 -1280 586 -241 
15880 -202 445 -811 1559 -3249 32365 3615 -1305 597 -246 
15900 -205 453 -825 1585 -3301 32345 3689 -1330 608 -250 
15920 -209 461 -839 1612 -3353 32325 3762 -1355 620 -255 
15940 -212 469 -853 1638 -3405 32304 3837 -1380 631 -259 
15960 -216 477 -867 1664 -3457 32283 3911 -1405 642 -264 
15980 -220 484 -881 1690 -3508 32262 3985 -1430 653 -268 
16000 -223 492 -895 1716 -3559 32240 4060 -1455 664 -273 
16020 -227 500 -909 1742 -3609 32217 4135 -1480 675 -277 
16040 -230 507 -923 1768 -3659 32195 4210 -1505 686 -282 
16060 -234 515 -936 1794 -3709 32171 4285 -1530 697 -286 
16080 -237 523 -950 1820 -3759 32148 4361 -1555 708 -291 
16100 -241 530 -964 1845 -3808 32124 4436 -1580 719 -295 
16120 -244 538 -977 1870 -3857 32099 4512 -1605 730 -299 
16140 -248 545 -991 1896 -3905 32074 4588 -1630 742 -304 
16160 -251 553 -1004 1921 -3954 32049 4665 -1655 753 -308 
16180 -254 560 -1018 1946 -4002 32023 4741 -1680 764 -313 
16200 -258 568 -1031 1971 -4049 31997 4818 -1704 774 -317 
16220 -261 575 -1044 1996 -4097 31970 4895 -1729 785 -322 
16240 -265 583 -1058 2020 -4144 31943 4972 -1754 796 -326 
16260 -268 590 -1071 2045 -4190 31915 5049 -1779 807 -330 
16280 -271 598 -1084 2069 -4237 31887 5126 -1804 818 -335 
16300 -275 605 -1097 2094 -4283 31859 5204 -1829 829 -339 
16320 -278 612 -1110 2118 -4328 31830 5282 -1854 840 -344 
16340 -281 619 -1123 2142 -4374 31801 5360 -1879 851 -348 
16360 -285 627 -1136 2166 -4419 31771 5438 -1903 862 -352 
16380 -288 634 -1149 2189 -4463 31741 5516 -1928 873 -357 
16400 -291 641 -1161 2213 -4508 31710 5594 -1953 883 -361 
16420 -295 648 -1174 2237 -4552 31679 5673 -1978 894 -365 
16440 -298 655 -1187 2260 -4595 31648 5752 -2002 905 -370 
16460 -301 662 -1199 2283 -4639 31616 5831 -2027 916 -374 
16480 -304 670 -1212 2307 -4682 31584 5910 -2052 926 -378 
16500 -308 677 -1224 2330 -4725 31551 5989 -2077 937 -382 
16520 -311 684 -1237 2353 -4767 31518 6069 -2101 948 -387 
16540 -314 691 -1249 2375 -4809 31484 6148 -2126 958 -391 
16560 -317 698 -1261 2398 -4851 31450 6228 -2150 969 -395 
16580 -321 704 -1273 2420 -4892 31416 6308 -2175 980 -399 
16600 -324 711 -1286 2443 -4933 31381 6388 -2200 990 -404 
16620 -327 718 -1298 2465 -4974 31346 6469 -2224 1001 -408 
16640 -330 725 -1310 2487 -5014 31310 6549 -2248 1011 -412 
16660 -333 732 -1322 2509 -5054 31274 6630 -2273 1022 -416 
16680 -336 738 -1334 2531 -5094 31237 6711 -2297 1032 -420 
16700 -339 745 -1345 2553 -5133 31200 6792 -2322 1043 -425 
16720 -342 752 -1357 2574 -5173 31163 6873 -2346 1053 -429 
16740 -345 758 -1369 2596 -5211 31125 6954 -2370 1064 -433 
16760 -348 765 -1381 2617 -5250 31087 7035 -2395 1074 -437 
16780 -352 772 -1392 2638 -5288 31048 7117 -2419 1084 -441 
16800 -355 778 -1404 2659 -5325 31009 7198 -2443 1095 -445 
16820 -358 785 -1415 2680 -5363 30970 7280 -2467 1105 -449 
16840 -361 791 -1426 2701 -5400 30930 7362 -2491 1115 -453 
16860 -363 798 -1438 2721 -5437 30890 7444 -2515 1126 -457 
16880 -366 804 -1449 2742 -5473 30849 7527 -2539 1136 -461 
16900 -369 810 -1460 2762 -5509 30808 7609 -2563 1146 -465 
16920 -372 817 -1471 2782 -5545 30767 7691 -2587 1156 -469 
16940 -375 823 -1482 2802 -5580 30725 7774 -2611 1166 -473 
16960 -378 829 -1493 2822 -5615 30682 7857 -2635 1176 -477 
16980 -381 835 -1504 2842 -5650 30640 7940 -2659 1186 -481 
17000 -384 842 -1515 2861 -5684 30597 8023 -2683 1196 -485 
17020 -387 848 -1525 2881 -5718 30553 8106 -2706 1206 -489 
17040 -390 854 -1536 2900 -5752 30509 8189 -2730 1216 -493 
17060 -392 860 -1547 2919 -5785 30465 8273 -2753 1226 -497 
17080 -395 866 -1557 2938 -5818 30420 8356 -2777 1236 -501 
17100 -398 872 -1568 2957 -5851 30375 8440 -2800 1246 -505 
17120 -401 878 -1578 2976 -5883 30329 8524 -2824 1256 -509 
17140 -403 884 -1588 2994 -5915 30283 8608 -2847 1265 -512 
17160 -406 890 -1598 3012 -5947 30237 8692 -2871 1275 -516 
17180 -409 895 -1609 3031 -5978 30190 8776 -2894 1285 -520 
17200 -411 901 -1619 3049 -6009 30143 8860 -2917 1294 -524 
17220 -414 907 -1629 3067 -6040 30096 8945 -2940 1304 -528 
17240 -417 913 -1638 3085 -6070 30048 9029 -2963 1314 -531 
17260 -419 918 -1648 3102 -6100 30000 9114 -2986 1323 -535 
17280 -422 924 -1658 3120 -6130 29951 9199 -3009 1333 -539 
17300 -425 930 -1668 3137 -6159 29902 9283 -3032 1342 -543 
17320 -427 935 -1677 3154 -6188 29852 9368 -3055 1352 -546 
17340 -430 941 -1687 3171 -6216 29802 9453 -3078 1361 -550 
17360 -432 946 -1696 3188 -6245 29752 9538 -3100 1370 -553 
17380 -435 951 -1706 3205 -6273 29701 9624 -3123 1380 -557 
17400 -437 957 -1715 3221 -6300 29650 9709 -3145 1389 -561 
17420 -440 962 -1724 3238 -6327 29599 9795 -3168 1398 -564 
17440 -442 967 -1733 3254 -6354 29547 9880 -3190 1407 -568 
17460 -445 973 -1742 3270 -6381 29495 9966 -3212 1416 -571 
17480 -447 978 -1751 3286 -6407 29443 10051 -3235 1425 -575 
17500 -450 983 -1760 3302 -6433 29390 10137 -3257 1434 -578 
17520 -452 988 -1769 3317 -6459 29336 10223 -3279 1443 -582 
17540 -454 993 -1778 3333 -6484 29283 10309 -3301 1452 -585 
17560 -457 998 -1786 3348 -6509 29229 10395 -3323 1461 -589 
17580 -459 1003 -1795 3363 -6533 29174 10481 -3345 1470 -592 
17600 -461 1008 -1803 3378 -6557 29119 10568 -3366 1479 -596 
17620 -464 1013 -1812 3393 -6581 29064 10654 -3388 1488 -599 
17640 -466 1018 -1820 3407 -6605 29008 10740 -3410 1496 -602 
17660 -468 1023 -1828 3422 -6628 28953 10827 -3431 1505 -606 
17680 -470 1028 -1836 3436 -6651 28896 10913 -3453 1514 -609 
17700 -473 1032 -1845 3450 -6673 28840 11000 -3474 1522 -612 
17720 -475 1037 -1853 3464 -6695 28783 11087 -3495 1531 -615 
17740 -477 1042 -1860 3478 -6717 28725 11173 -3516 1539 -619 
17760 -479 1046 -1868 3492 -6739 28667 11260 -3537 1548 -622 
17780 -481 1051 -1876 3505 -6760 28609 11347 -3558 1556 -625 
17800 -483 1055 -1884 3519 -6781 28551 11434 -3579 1564 -628 
17820 -486 1060 -1891 3532 -6801 28492 11521 -3600 1573 -631 
17840 -488 1064 -1899 3545 -6821 28433 11608 -3621 1581 -635 
17860 -490 1069 -1906 3558 -6841 28373 11695 -3641 1589 -638 
17880 -492 1073 -1913 3571 -6861 28313 11782 -3662 1597 -641 
17900 -494 1077 -1921 3583 -6880 28253 11870 -3682 1605 -644 
17920 -496 1081 -1928 3595 -6898 28192 11957 -3702 1613 -647 
17940 -498 1086 -1935 3608 -6917 28131 12044 -3723 1621 -650 
17960 -500 1090 -1942 3620 -6935 28070 12132 -3743 1629 -653 
17980 -502 1094 -1949 3632 -6953 28008 12219 -3763 1637 -656 
18000 -503 1098 -1955 3643 -6970 27946 12307 -3783 1645 -659 
18020 -505 1102 -1962 3655 -6987 27884 12394 -3802 1652 -662 
18040 -507 1106 -1969 3666 -7004 27821 12482 -3822 1660 -665 
18060 -509 1110 -1975 3677 -7021 27758 12569 -3842 1668 -668 
18080 -511 1114 -1982 3688 -7037 27695 12657 -3861 1675 -670 
18100 -513 1117 -1988 3699 -7052 27631 12745 -3880 1683 -673 
18120 -514 1121 -1994 3710 -7068 27567 12832 -3900 1690 -676 
18140 -516 1125 -2001 3721 -7083 27502 12920 -3919 1697 -679 
18160 -518 1128 -2007 3731 -7098 27438 13008 -3938 1705 -682 
18180 -520 1132 -2013 3741 -7112 27373 13096 -3957 1712 -684 
18200 -521 1136 -2019 3751 -7126 27307 13184 -3976 1719 -687 
18220 -523 1139 -2024 3761 -7140 27241 13272 -3994 1726 -690 
18240 -525 1143 -2030 3771 -7154 27175 13360 -4013 1733 -692 
18260 -526 1146 -2036 3780 -7167 27109 13448 -4031 1740 -695 
18280 -528 1149 -2041 3790 -7179 27042 13535 -4050 1747 -698 
18300 -529 1153 -2047 3799 -7192 26975 13623 -4068 1754 -700 
18320 -531 1156 -2052 3808 -7204 26908 13711 -4086 1761 -703 
18340 -532 1159 -2058 3817 -7216 26840 13799 -4104 1768 -705 
18360 -534 1162 -2063 3825 -7227 26772 13888 -4122 1775 -708 
18380 -535 1165 -2068 3834 -7238 26703 13976 -4140 1781 -710 
18400 -537 1169 -2073 3842 -7249 26635 14064 -4157 1788 -713 
18420 -538 1172 -2078 3850 -7260 26566 14152 -4175 1794 -715 
18440 -540 1175 -2083 3858 -7270 26496 14240 -4192 1801 -717 
18460 -541 1177 -2088 3866 -7280 26427 14328 -4209 1807 -720 
18480 -543 1180 -2092 3874 -7289 26357 14416 -4226 1814 -722 
18500 -544 1183 -2097 3881 -7298 26286 14504 -4243 1820 -724 
18520 -545 1186 -2101 3889 -7307 26216 14592 -4260 1826 -727 
18540 -547 1189 -2106 3896 -7316 26145 14680 -4277 1832 -729 
18560 -548 1191 -2110 3903 -7324 26074 14768 -4293 1838 -731 
18580 -549 1194 -2114 3909 -7332 26002 14856 -4310 1844 -733 
18600 -550 1197 -2118 3916 -7340 25930 14944 -4326 1850 -735 
18620 -552 1199 -2122 3923 -7347 25858 15032 -4342 1856 -738 
18640 -553 1201 -2126 3929 -7354 25786 15120 -4358 1862 -740 
18660 -554 1204 -2130 3935 -7360 25713 15208 -4374 1868 -742 
18680 -555 1206 -2134 3941 -7367 25640 15296 -4390 1873 -744 
18700 -556 1209 -2138 3947 -7373 25567 15384 -4406 1879 -746 
18720 -557 1211 -2141 3952 -7378 25493 15472 -4421 1885 -748 
18740 -558 1213 -2145 3958 -7383 25419 15560 -4436 1890 -750 
18760 -559 1215 -2148 3963 -7388 25345 15648 -4452 1895 -752 
18780 -560 1217 -2151 3968 -7393 25271 15736 -4467 1901 -754 
18800 -561 1219 -2154 3973 -7398 25196 15824 -4481 1906 -755 
18820 -562 1221 -2158 3978 -7402 25121 15912 -4496 1911 -757 
18840 -563 1223 -2161 3982 -7405 25046 16000 -4511 1916 -759 
18860 -564 1225 -2164 3987 -7409 24970 16087 -4525 1921 -761 
18880 -565 1227 -2166 3991 -7412 24894 16175 -4540 1926 -763 
18900 -566 1229 -2169 3995 -7415 24818 16263 -4554 1931 -764 
18920 -567 1231 -2172 3999 -7417 24742 16351 -4568 1936 -766 
18940 -568 1232 -2174 4003 -7419 24665 16438 -4582 1941 -768 
18960 -569 1234 -2177 4006 -7421 24588 16526 -4595 1945 -769 
18980 -569 1236 -2179 4010 -7423 24511 16613 -4609 1950 -771 
19000 -570 1237 -2181 4013 -7424 24433 16701 -4622 1955 -773 
19020 -571 1239 -2184 4016 -7425 24355 16788 -4635 1959 -774 
19040 -572 1240 -2186 4019 -7425 24277 16876 -4649 1963 -776 
19060 -572 1241 -2188 4021 -7426 24199 16963 -4661 1968 -777 
19080 -573 1243 -2190 4024 -7426 24120 17050 -4674 1972 -779 
19100 -574 1244 -2192 4026 -7425 24041 17138 -4687 1976 -780 
19120 -574 1245 -2193 4029 -7425 23962 17225 -4699 1980 -781 
19140 -575 1246 -2195 4031 -7424 23883 17312 -4712 1984 -783 
19160 -575 1248 -2196 4032 -7423 23803 17399 -4724 1988 -784 
19180 -576 1249 -2198 4034 -7421 23723 17486 -4736 1992 -785 
19200 -576 1250 -2199 4036 -7419 23643 17573 -4747 1996 -787 
19220 -577 1251 -2200 4037 -7417 23563 17660 -4759 1999 -788 
19240 -577 1251 -2202 4038 -7415 23482 17747 -4770 2003 -789 
19260 -578 1252 -2203 4039 -7412 23401 17833 -4782 2006 -790 
19280 -578 1253 -2204 4040 -7409 23320 17920 -4793 2010 -791 
19300 -579 1254 -2205 4041 -7406 23239 18007 -4804 2013 -793 
19320 -579 1255 -2205 4041 -7402 23157 18093 -4815 2017 -794 
19340 -579 1255 -2206 4041 -7398 23075 18180 -4825 2020 -795 
19360 -580 1256 -2207 4042 -7394 22993 18266 -4836 2023 -796 
19380 -580 1256 -2207 4042 -7389 22911 18352 -4846 2026 -797 
19400 -580 1257 -2208 4041 -7384 22828 18438 -4856 2029 -798 
19420 -581 1257 -2208 4041 -7379 22745 18525 -4866 2032 -798 
19440 -581 1258 -2208 4041 -7374 22662 18611 -4875 2035 -799 
19460 -581 1258 -2208 4040 -7368 22579 18696 -4885 2038 -800 
19480 -581 1258 -2208 4039 -7362 22495 18782 -4894 2040 -801 
19500 -581 1259 -2208 4038 -7356 22412 18868 -4904 2043 -802 
19520 -582 1259 -2208 4037 -7349 22328 18954 -4913 2045 -803 
19540 -582 1259 -2208 4035 -7342 22244 19039 -4921 2048 -803 
19560 -582 1259 -2208 4034 -7335 22159 19125 -4930 2050 -804 
19580 -582 1259 -2207 4032 -7328 22075 19210 -4939 2052 -805 
19600 -582 1259 -2207 4030 -7320 21990 19295 -4947 2054 -805 
19620 -582 1259 -2206 4028 -7312 21905 19380 -4955 2057 -806 
19640 -582 1259 -2206 4026 -7304 21819 19466 -4963 2059 -806 
19660 -582 1258 -2205 4024 -7295 21734 19550 -4970 2060 -807 
19680 -582 1258 -2204 4021 -7286 21648 19635 -4978 2062 -807 
19700 -582 1258 -2203 4019 -7277 21562 19720 -4985 2064 -808 
19720 -581 1258 -2202 4016 -7268 21476 19805 -4993 2066 -808 
19740 -581 1257 -2201 4013 -7258 21390 19889 -4999 2067 -809 
19760 -581 1257 -2200 4010 -7248 21303 19973 -5006 2069 -809 
19780 -581 1256 -2198 4006 -7238 21217 20058 -5013 2070 -809 
19800 -581 1256 -2197 4003 -7227 21130 20142 -5019 2072 -810 
19820 -581 1255 -2195 3999 -7216 21043 20226 -5025 2073 -810 
19840 -580 1254 -2194 3995 -7205 20955 20310 -5031 2074 -810 
19860 -580 1254 -2192 3991 -7194 20868 20393 -5037 2075 -810 
19880 -580 1253 -2190 3987 -7182 20780 20477 -5043 2076 -810 
19900 -579 1252 -2188 3983 -7170 20692 20561 -5048 2077 -810 
19920 -579 1251 -2187 3978 -7158 20604 20644 -5053 2078 -811 
19940 -579 1250 -2184 3974 -7146 20516 20727 -5058 2078 -811 
19960 -578 1249 -2182 3969 -7133 20428 20810 -5063 2079 -811 
19980 -578 1248 -2180 3964 -7120 20339 20893 -5068 2080 -811 
20000 -577 1247 -2178 3959 -7107 20250 20976 -5072 2080 -811 
20020 1    2    3     4    5     6     7      8    9    10
20040 32767 000 000   000  000   000   000   000   000  000
20060 000  000  000   000  000   000   000   000   000  000
